<?xml version="1.0"?>
<mesh xmlns="http://irrlicht.sourceforge.net/IRRMESH_09_2007" version="1.0">
<!-- Created 07/26/2010 13:18 by irrb v0.4 - "Irrlicht/Blender Exporter" -->
   <buffer>
      <material bmat="uvmat:sol_gravier.jpg.001:normal_sol.jpg.001:00100">
         <enum name="Type" value="normalmap_solid"/>
         <color name="Ambient" value="ffffffff"/>
         <color name="Diffuse" value="ffffffff"/>
         <color name="Emissive" value="ff000000"/>
         <color name="Specular" value="ffffffff"/>
         <float name="Shininess" value="0.000000"/>
         <float name="Param1" value="0.000000"/>
         <float name="Param2" value="0.000000"/>
         <bool name="Wireframe" value="false"/>
         <bool name="GouraudShading" value="true"/>
         <bool name="Lighting" value="false"/>
         <bool name="ZWriteEnable" value="true"/>
         <int name="ZBuffer" value="1"/>
         <bool name="BackfaceCulling" value="true"/>
         <bool name="FrontfaceCulling" value="false"/>
         <bool name="FogEnable" value="false"/>
         <bool name="NormalizeNormals" value="false"/>
         <int name="AntiAliasing" value="5"/>
         <int name="ColorMask" value="15"/>
         <texture name="Texture1" value="tex/sol_gravier.jpg"/>
         <enum name="TextureWrap1" value="texture_clamp_repeat"/>
         <bool name="BilinearFilter1" value="true"/>
         <bool name="TrilinearFilter1" value="false"/>
         <int name="AnisotropicFilter1" value="0"/>
         <int name="LODBias1" value="0"/>
         <texture name="Texture2" value="tex/normal_sol.jpg"/>
         <enum name="TextureWrap2" value="texture_clamp_repeat"/>
         <bool name="BilinearFilter2" value="true"/>
         <bool name="TrilinearFilter2" value="false"/>
         <int name="AnisotropicFilter2" value="0"/>
         <int name="LODBias2" value="0"/>
         <texture name="Texture3" value=""/>
         <enum name="TextureWrap3" value="texture_clamp_repeat"/>
         <bool name="BilinearFilter3" value="true"/>
         <bool name="TrilinearFilter3" value="false"/>
         <int name="AnisotropicFilter3" value="0"/>
         <int name="LODBias3" value="0"/>
         <texture name="Texture4" value=""/>
         <enum name="TextureWrap4" value="texture_clamp_repeat"/>
         <bool name="BilinearFilter4" value="true"/>
         <bool name="TrilinearFilter4" value="false"/>
         <int name="AnisotropicFilter4" value="0"/>
         <int name="LODBias4" value="0"/>
      </material>
      <vertices type="tangents" vertexCount="512">
         0.826273 0.000000 0.550849 0.000000 1.000000 0.000000 ffffffff 0.000000 1.000000 -0.677366 0.000000 0.735646 -0.735646 0.000000 -0.677366
         0.716103 0.000000 0.716103 0.000000 1.000000 0.000000 ffffffff 1.000000 1.000000 -0.670688 0.000000 0.741740 -0.741740 0.000000 -0.670688
         0.661018 0.000000 0.605934 0.000000 1.000000 0.000000 ffffffff 1.000000 0.000000 -0.698200 0.000000 0.715902 -0.715903 0.000000 -0.698200
         0.771188 0.000000 0.440679 0.000000 1.000000 0.000000 ffffffff 0.000000 0.000000 -0.705669 0.000000 0.708542 -0.708542 0.000000 -0.705669
         0.936443 0.000000 0.385594 0.000000 1.000000 0.000000 ffffffff 0.000000 1.000000 -0.685642 0.000000 0.727939 -0.727939 0.000000 -0.685642
         0.826273 0.000000 0.550849 0.000000 1.000000 0.000000 ffffffff 1.000000 1.000000 -0.677366 0.000000 0.735646 -0.735646 0.000000 -0.677366
         0.771188 0.000000 0.440679 0.000000 1.000000 0.000000 ffffffff 1.000000 0.000000 -0.705669 0.000000 0.708542 -0.708542 0.000000 -0.705669
         0.826273 0.000000 0.330509 0.000000 1.000000 0.000000 ffffffff 0.000000 0.000000 -0.617209 0.000000 0.786799 -0.786799 0.000000 -0.617209
         0.771188 0.000000 0.440679 0.000000 1.000000 0.000000 ffffffff 0.000000 1.000000 -0.705669 0.000000 0.708542 -0.708542 0.000000 -0.705669
         0.661018 0.000000 0.605934 0.000000 1.000000 0.000000 ffffffff 1.000000 1.000000 -0.698200 0.000000 0.715902 -0.715903 0.000000 -0.698200
         0.605934 0.000000 0.495764 0.000000 1.000000 0.000000 ffffffff 1.000000 0.000000 -0.702569 0.000000 0.711616 -0.711616 0.000000 -0.702569
         0.661018 0.000000 0.385594 0.000000 1.000000 0.000000 ffffffff 0.000000 0.000000 -0.710064 0.000000 0.704137 -0.704137 0.000000 -0.710064
         0.826273 0.000000 0.330509 0.000000 1.000000 0.000000 ffffffff 0.000000 1.000000 -0.617209 0.000000 0.786799 -0.786799 0.000000 -0.617209
         0.771188 0.000000 0.440679 0.000000 1.000000 0.000000 ffffffff 1.000000 1.000000 -0.705669 0.000000 0.708542 -0.708542 0.000000 -0.705669
         0.661018 0.000000 0.385594 0.000000 1.000000 0.000000 ffffffff 1.000000 0.000000 -0.710064 0.000000 0.704137 -0.704137 0.000000 -0.710064
         0.771188 0.000000 0.220339 0.000000 1.000000 0.000000 ffffffff 0.000000 0.000000 -0.651021 0.000000 0.759060 -0.759060 0.000000 -0.651021
         0.936443 0.000000 0.165255 0.000000 1.000000 0.000000 ffffffff 0.000000 1.000000 -0.746164 0.000000 0.665762 -0.665762 0.000000 -0.746164
         0.936443 0.000000 0.385594 0.000000 1.000000 0.000000 ffffffff 1.000000 1.000000 -0.685642 0.000000 0.727939 -0.727939 0.000000 -0.685642
         0.826273 0.000000 0.330509 0.000000 1.000000 0.000000 ffffffff 1.000000 0.000000 -0.617209 0.000000 0.786799 -0.786799 0.000000 -0.617209
         0.881358 0.000000 0.165255 0.000000 1.000000 0.000000 ffffffff 0.000000 0.000000 -0.637176 0.000000 0.770719 -0.770719 0.000000 -0.637176
         0.991528 0.000000 0.000000 0.000000 1.000000 0.000000 ffffffff 0.000000 1.000000 -0.660693 0.000000 0.750657 -0.750657 0.000000 -0.660693
         0.936443 0.000000 0.165255 0.000000 1.000000 0.000000 ffffffff 1.000000 1.000000 -0.746164 0.000000 0.665762 -0.665762 0.000000 -0.746164
         0.881358 0.000000 0.165255 0.000000 1.000000 0.000000 ffffffff 1.000000 0.000000 -0.637176 0.000000 0.770719 -0.770719 0.000000 -0.637176
         0.936443 0.000000 0.000000 0.000000 1.000000 0.000000 ffffffff 0.000000 0.000000 -0.655188 0.000000 0.755466 -0.755466 0.000000 -0.655188
         0.881358 0.000000 0.165255 0.000000 1.000000 0.000000 ffffffff 0.000000 1.000000 -0.637176 0.000000 0.770719 -0.770719 0.000000 -0.637176
         0.826273 0.000000 0.330509 0.000000 1.000000 0.000000 ffffffff 1.000000 1.000000 -0.617209 0.000000 0.786799 -0.786799 0.000000 -0.617209
         0.771188 0.000000 0.220339 0.000000 1.000000 0.000000 ffffffff 1.000000 0.000000 -0.651021 0.000000 0.759060 -0.759060 0.000000 -0.651021
         0.771188 0.000000 0.165255 0.000000 1.000000 0.000000 ffffffff 0.000000 0.000000 -0.661520 0.000000 0.749928 -0.749928 0.000000 -0.661520
         0.936443 0.000000 0.000000 0.000000 1.000000 0.000000 ffffffff 0.000000 1.000000 -0.655188 0.000000 0.755466 -0.755466 0.000000 -0.655188
         0.881358 0.000000 0.165255 0.000000 1.000000 0.000000 ffffffff 1.000000 1.000000 -0.637176 0.000000 0.770719 -0.770719 0.000000 -0.637176
         0.771188 0.000000 0.165255 0.000000 1.000000 0.000000 ffffffff 1.000000 0.000000 -0.661520 0.000000 0.749928 -0.749928 0.000000 -0.661520
         0.771188 0.000000 0.000000 0.000000 1.000000 0.000000 ffffffff 0.000000 0.000000 -0.713610 0.000000 0.700543 -0.700543 0.000000 -0.713610
         0.936443 0.000000 -0.165255 0.000000 1.000000 0.000000 ffffffff 0.000000 1.000000 -0.627440 0.000000 0.778665 -0.778665 0.000000 -0.627440
         0.991528 0.000000 0.000000 0.000000 1.000000 0.000000 ffffffff 1.000000 1.000000 -0.660693 0.000000 0.750657 -0.750657 0.000000 -0.660693
         0.936443 0.000000 0.000000 0.000000 1.000000 0.000000 ffffffff 1.000000 0.000000 -0.655188 0.000000 0.755466 -0.755466 0.000000 -0.655188
         0.881358 0.000000 -0.165255 0.000000 1.000000 0.000000 ffffffff 0.000000 0.000000 -0.725447 0.000000 0.688278 -0.688278 0.000000 -0.725447
         0.936443 0.000000 -0.385594 0.000000 1.000000 0.000000 ffffffff 0.000000 1.000000 -0.811431 0.000000 0.584448 -0.584449 0.000000 -0.811431
         0.936443 0.000000 -0.165255 0.000000 1.000000 0.000000 ffffffff 1.000000 1.000000 -0.627440 0.000000 0.778665 -0.778665 0.000000 -0.627440
         0.881358 0.000000 -0.165255 0.000000 1.000000 0.000000 ffffffff 1.000000 0.000000 -0.725447 0.000000 0.688278 -0.688278 0.000000 -0.725447
         0.826273 0.000000 -0.330509 0.000000 1.000000 0.000000 ffffffff 0.000000 0.000000 -0.739320 0.000000 0.673354 -0.673355 0.000000 -0.739320
         0.881358 0.000000 -0.165255 0.000000 1.000000 0.000000 ffffffff 0.000000 1.000000 -0.725447 0.000000 0.688278 -0.688278 0.000000 -0.725447
         0.936443 0.000000 0.000000 0.000000 1.000000 0.000000 ffffffff 1.000000 1.000000 -0.655188 0.000000 0.755466 -0.755466 0.000000 -0.655188
         0.771188 0.000000 0.000000 0.000000 1.000000 0.000000 ffffffff 1.000000 0.000000 -0.713610 0.000000 0.700543 -0.700543 0.000000 -0.713610
         0.826273 0.000000 -0.220339 0.000000 1.000000 0.000000 ffffffff 0.000000 0.000000 -0.839457 0.000000 0.543427 -0.543427 0.000000 -0.839457
         0.826273 0.000000 -0.330509 0.000000 1.000000 0.000000 ffffffff 0.000000 1.000000 -0.739320 0.000000 0.673354 -0.673355 0.000000 -0.739320
         0.881358 0.000000 -0.165255 0.000000 1.000000 0.000000 ffffffff 1.000000 1.000000 -0.725447 0.000000 0.688278 -0.688278 0.000000 -0.725447
         0.826273 0.000000 -0.220339 0.000000 1.000000 0.000000 ffffffff 1.000000 0.000000 -0.839457 0.000000 0.543427 -0.543427 0.000000 -0.839457
         0.771188 0.000000 -0.385594 0.000000 1.000000 0.000000 ffffffff 0.000000 0.000000 -0.568769 0.000000 0.822497 -0.822497 0.000000 -0.568769
         0.826273 0.000000 -0.550849 0.000000 1.000000 0.000000 ffffffff 0.000000 1.000000 -0.717645 0.000000 0.696409 -0.696409 0.000000 -0.717645
         0.936443 0.000000 -0.385594 0.000000 1.000000 0.000000 ffffffff 1.000000 1.000000 -0.811431 0.000000 0.584448 -0.584449 0.000000 -0.811431
         0.826273 0.000000 -0.330509 0.000000 1.000000 0.000000 ffffffff 1.000000 0.000000 -0.739320 0.000000 0.673354 -0.673355 0.000000 -0.739320
         0.771188 0.000000 -0.495764 0.000000 1.000000 0.000000 ffffffff 0.000000 0.000000 -0.647980 0.000000 0.761657 -0.761657 0.000000 -0.647980
         0.716103 0.000000 -0.716103 0.000000 1.000000 0.000000 ffffffff 0.000000 1.000000 -0.790192 0.000000 0.612859 -0.612859 0.000000 -0.790192
         0.826273 0.000000 -0.550849 0.000000 1.000000 0.000000 ffffffff 1.000000 1.000000 -0.717645 0.000000 0.696409 -0.696409 0.000000 -0.717645
         0.771188 0.000000 -0.495764 0.000000 1.000000 0.000000 ffffffff 1.000000 0.000000 -0.647980 0.000000 0.761657 -0.761657 0.000000 -0.647980
         0.661018 0.000000 -0.605934 0.000000 1.000000 0.000000 ffffffff 0.000000 0.000000 -0.648146 0.000000 0.761516 -0.761516 0.000000 -0.648146
         0.771188 0.000000 -0.495764 0.000000 1.000000 0.000000 ffffffff 0.000000 1.000000 -0.647980 0.000000 0.761657 -0.761657 0.000000 -0.647980
         0.826273 0.000000 -0.330509 0.000000 1.000000 0.000000 ffffffff 1.000000 1.000000 -0.739320 0.000000 0.673354 -0.673355 0.000000 -0.739320
         0.771188 0.000000 -0.385594 0.000000 1.000000 0.000000 ffffffff 1.000000 0.000000 -0.568769 0.000000 0.822497 -0.822497 0.000000 -0.568769
         0.716103 0.000000 -0.440679 0.000000 1.000000 0.000000 ffffffff 0.000000 0.000000 -0.498547 0.000000 0.866862 -0.866862 0.000000 -0.498547
         0.661018 0.000000 -0.605934 0.000000 1.000000 0.000000 ffffffff 0.000000 1.000000 -0.648146 0.000000 0.761516 -0.761516 0.000000 -0.648146
         0.771188 0.000000 -0.495764 0.000000 1.000000 0.000000 ffffffff 1.000000 1.000000 -0.647980 0.000000 0.761657 -0.761657 0.000000 -0.647980
         0.716103 0.000000 -0.440679 0.000000 1.000000 0.000000 ffffffff 1.000000 0.000000 -0.498547 0.000000 0.866862 -0.866862 0.000000 -0.498547
         0.605934 0.000000 -0.495764 0.000000 1.000000 0.000000 ffffffff 0.000000 0.000000 -0.569047 0.000000 0.822305 -0.822305 0.000000 -0.569047
         0.550849 0.000000 -0.826273 0.000000 1.000000 0.000000 ffffffff 0.000000 1.000000 -0.653454 0.000000 0.756966 -0.756966 0.000000 -0.653454
         0.716103 0.000000 -0.716103 0.000000 1.000000 0.000000 ffffffff 1.000000 1.000000 -0.790192 0.000000 0.612859 -0.612859 0.000000 -0.790192
         0.661018 0.000000 -0.605934 0.000000 1.000000 0.000000 ffffffff 1.000000 0.000000 -0.648146 0.000000 0.761516 -0.761516 0.000000 -0.648146
         0.550849 0.000000 -0.661018 0.000000 1.000000 0.000000 ffffffff 0.000000 0.000000 -0.620045 0.000000 0.784566 -0.784566 0.000000 -0.620045
         0.385594 0.000000 -0.936443 0.000000 1.000000 0.000000 ffffffff 0.000000 1.000000 -0.627464 0.000000 0.778645 -0.778645 0.000000 -0.627465
         0.550849 0.000000 -0.826273 0.000000 1.000000 0.000000 ffffffff 1.000000 1.000000 -0.653454 0.000000 0.756966 -0.756966 0.000000 -0.653454
         0.550849 0.000000 -0.661018 0.000000 1.000000 0.000000 ffffffff 1.000000 0.000000 -0.620045 0.000000 0.784566 -0.784566 0.000000 -0.620045
         0.385594 0.000000 -0.661018 0.000000 1.000000 0.000000 ffffffff 0.000000 0.000000 -0.696796 0.000000 0.717269 -0.717269 0.000000 -0.696796
         0.550849 0.000000 -0.661018 0.000000 1.000000 0.000000 ffffffff 0.000000 1.000000 -0.620045 0.000000 0.784566 -0.784566 0.000000 -0.620045
         0.661018 0.000000 -0.605934 0.000000 1.000000 0.000000 ffffffff 1.000000 1.000000 -0.648146 0.000000 0.761516 -0.761516 0.000000 -0.648146
         0.605934 0.000000 -0.495764 0.000000 1.000000 0.000000 ffffffff 1.000000 0.000000 -0.569047 0.000000 0.822305 -0.822305 0.000000 -0.569047
         0.495764 0.000000 -0.495764 0.000000 1.000000 0.000000 ffffffff 0.000000 0.000000 -0.646614 0.000000 0.762817 -0.762817 0.000000 -0.646614
         0.385594 0.000000 -0.661018 0.000000 1.000000 0.000000 ffffffff 0.000000 1.000000 -0.696796 0.000000 0.717269 -0.717269 0.000000 -0.696796
         0.550849 0.000000 -0.661018 0.000000 1.000000 0.000000 ffffffff 1.000000 1.000000 -0.620045 0.000000 0.784566 -0.784566 0.000000 -0.620045
         0.495764 0.000000 -0.495764 0.000000 1.000000 0.000000 ffffffff 1.000000 0.000000 -0.646614 0.000000 0.762817 -0.762817 0.000000 -0.646614
         0.385594 0.000000 -0.440679 0.000000 1.000000 0.000000 ffffffff 0.000000 0.000000 -0.693681 0.000000 0.720282 -0.720282 0.000000 -0.693681
         0.165255 0.000000 -0.936443 0.000000 1.000000 0.000000 ffffffff 0.000000 1.000000 -0.779105 0.000000 0.626894 -0.626894 0.000000 -0.779105
         0.385594 0.000000 -0.936443 0.000000 1.000000 0.000000 ffffffff 1.000000 1.000000 -0.627464 0.000000 0.778645 -0.778645 0.000000 -0.627465
         0.385594 0.000000 -0.661018 0.000000 1.000000 0.000000 ffffffff 1.000000 0.000000 -0.696796 0.000000 0.717269 -0.717269 0.000000 -0.696796
         0.165255 0.000000 -0.716103 0.000000 1.000000 0.000000 ffffffff 0.000000 0.000000 -0.678391 0.000000 0.734701 -0.734701 0.000000 -0.678391
         0.000000 0.000000 -0.991528 0.000000 1.000000 0.000000 ffffffff 0.000000 1.000000 -0.532179 0.000000 0.846632 -0.846632 0.000000 -0.532179
         0.165255 0.000000 -0.936443 0.000000 1.000000 0.000000 ffffffff 1.000000 1.000000 -0.779105 0.000000 0.626894 -0.626894 0.000000 -0.779105
         0.165255 0.000000 -0.716103 0.000000 1.000000 0.000000 ffffffff 1.000000 0.000000 -0.678391 0.000000 0.734701 -0.734701 0.000000 -0.678391
         0.000000 0.000000 -0.771188 0.000000 1.000000 0.000000 ffffffff 0.000000 0.000000 -0.665216 0.000000 0.746651 -0.746651 0.000000 -0.665216
         0.165255 0.000000 -0.716103 0.000000 1.000000 0.000000 ffffffff 0.000000 1.000000 -0.678391 0.000000 0.734701 -0.734701 0.000000 -0.678391
         0.385594 0.000000 -0.661018 0.000000 1.000000 0.000000 ffffffff 1.000000 1.000000 -0.696796 0.000000 0.717269 -0.717269 0.000000 -0.696796
         0.385594 0.000000 -0.440679 0.000000 1.000000 0.000000 ffffffff 1.000000 0.000000 -0.693681 0.000000 0.720282 -0.720282 0.000000 -0.693681
         0.165255 0.000000 -0.440679 0.000000 1.000000 0.000000 ffffffff 0.000000 0.000000 -0.624694 0.000000 0.780870 -0.780870 0.000000 -0.624694
         0.000000 0.000000 -0.771188 0.000000 1.000000 0.000000 ffffffff 0.000000 1.000000 -0.665216 0.000000 0.746651 -0.746651 0.000000 -0.665216
         0.165255 0.000000 -0.716103 0.000000 1.000000 0.000000 ffffffff 1.000000 1.000000 -0.678391 0.000000 0.734701 -0.734701 0.000000 -0.678391
         0.165255 0.000000 -0.440679 0.000000 1.000000 0.000000 ffffffff 1.000000 0.000000 -0.624694 0.000000 0.780870 -0.780870 0.000000 -0.624694
         0.000000 0.000000 -0.550849 0.000000 1.000000 0.000000 ffffffff 0.000000 0.000000 -0.724606 0.000000 0.689163 -0.689163 0.000000 -0.724606
         -0.165255 0.000000 -0.936443 0.000000 1.000000 0.000000 ffffffff 0.000000 1.000000 -0.598572 0.000000 0.801069 -0.801069 0.000000 -0.598572
         0.000000 0.000000 -0.991528 0.000000 1.000000 0.000000 ffffffff 1.000000 1.000000 -0.532179 0.000000 0.846632 -0.846632 0.000000 -0.532179
         0.000000 0.000000 -0.771188 0.000000 1.000000 0.000000 ffffffff 1.000000 0.000000 -0.665216 0.000000 0.746651 -0.746651 0.000000 -0.665216
         -0.165255 0.000000 -0.716103 0.000000 1.000000 0.000000 ffffffff 0.000000 0.000000 -0.716876 0.000000 0.697201 -0.697201 0.000000 -0.716876
         -0.385594 0.000000 -0.936443 0.000000 1.000000 0.000000 ffffffff 0.000000 1.000000 -0.660475 0.000000 0.750848 -0.750848 0.000000 -0.660475
         -0.165255 0.000000 -0.936443 0.000000 1.000000 0.000000 ffffffff 1.000000 1.000000 -0.598572 0.000000 0.801069 -0.801069 0.000000 -0.598572
         -0.165255 0.000000 -0.716103 0.000000 1.000000 0.000000 ffffffff 1.000000 0.000000 -0.716876 0.000000 0.697201 -0.697201 0.000000 -0.716876
         -0.275424 0.000000 -0.661018 0.000000 1.000000 0.000000 ffffffff 0.000000 0.000000 -0.589002 0.000000 0.808132 -0.808132 0.000000 -0.589002
         -0.165255 0.000000 -0.716103 0.000000 1.000000 0.000000 ffffffff 0.000000 1.000000 -0.716876 0.000000 0.697201 -0.697201 0.000000 -0.716876
         0.000000 0.000000 -0.771188 0.000000 1.000000 0.000000 ffffffff 1.000000 1.000000 -0.665216 0.000000 0.746651 -0.746651 0.000000 -0.665216
         0.000000 0.000000 -0.550849 0.000000 1.000000 0.000000 ffffffff 1.000000 0.000000 -0.724606 0.000000 0.689163 -0.689163 0.000000 -0.724606
         -0.110170 0.000000 -0.495764 0.000000 1.000000 0.000000 ffffffff 0.000000 0.000000 -0.586603 0.000000 0.809874 -0.809874 0.000000 -0.586603
         -0.275424 0.000000 -0.661018 0.000000 1.000000 0.000000 ffffffff 0.000000 1.000000 -0.589002 0.000000 0.808132 -0.808132 0.000000 -0.589002
         -0.165255 0.000000 -0.716103 0.000000 1.000000 0.000000 ffffffff 1.000000 1.000000 -0.716876 0.000000 0.697201 -0.697201 0.000000 -0.716876
         -0.110170 0.000000 -0.495764 0.000000 1.000000 0.000000 ffffffff 1.000000 0.000000 -0.586603 0.000000 0.809874 -0.809874 0.000000 -0.586603
         -0.220339 0.000000 -0.330509 0.000000 1.000000 0.000000 ffffffff 0.000000 0.000000 -0.663827 0.000000 0.747886 -0.747886 0.000000 -0.663827
         -0.550849 0.000000 -0.826273 0.000000 1.000000 0.000000 ffffffff 0.000000 1.000000 -0.701559 0.000000 0.712612 -0.712612 0.000000 -0.701559
         -0.385594 0.000000 -0.936443 0.000000 1.000000 0.000000 ffffffff 1.000000 1.000000 -0.660475 0.000000 0.750848 -0.750848 0.000000 -0.660475
         -0.275424 0.000000 -0.661018 0.000000 1.000000 0.000000 ffffffff 1.000000 0.000000 -0.589002 0.000000 0.808132 -0.808132 0.000000 -0.589002
         -0.440679 0.000000 -0.550849 0.000000 1.000000 0.000000 ffffffff 0.000000 0.000000 -0.728423 0.000000 0.685128 -0.685128 0.000000 -0.728423
         -0.716103 0.000000 -0.716103 0.000000 1.000000 0.000000 ffffffff 0.000000 1.000000 -0.656066 0.000000 0.754703 -0.754703 0.000000 -0.656066
         -0.550849 0.000000 -0.826273 0.000000 1.000000 0.000000 ffffffff 1.000000 1.000000 -0.701559 0.000000 0.712612 -0.712612 0.000000 -0.701559
         -0.440679 0.000000 -0.550849 0.000000 1.000000 0.000000 ffffffff 1.000000 0.000000 -0.728423 0.000000 0.685128 -0.685128 0.000000 -0.728423
         -0.550849 0.000000 -0.495764 0.000000 1.000000 0.000000 ffffffff 0.000000 0.000000 -0.661602 0.000000 0.749855 -0.749855 0.000000 -0.661602
         -0.440679 0.000000 -0.550849 0.000000 1.000000 0.000000 ffffffff 0.000000 1.000000 -0.728423 0.000000 0.685128 -0.685128 0.000000 -0.728423
         -0.275424 0.000000 -0.661018 0.000000 1.000000 0.000000 ffffffff 1.000000 1.000000 -0.589002 0.000000 0.808132 -0.808132 0.000000 -0.589002
         -0.220339 0.000000 -0.330509 0.000000 1.000000 0.000000 ffffffff 1.000000 0.000000 -0.663827 0.000000 0.747886 -0.747886 0.000000 -0.663827
         -0.330509 0.000000 -0.330509 0.000000 1.000000 0.000000 ffffffff 0.000000 0.000000 -0.804889 0.000000 0.593426 -0.593426 0.000000 -0.804889
         -0.550849 0.000000 -0.495764 0.000000 1.000000 0.000000 ffffffff 0.000000 1.000000 -0.661602 0.000000 0.749855 -0.749855 0.000000 -0.661602
         -0.440679 0.000000 -0.550849 0.000000 1.000000 0.000000 ffffffff 1.000000 1.000000 -0.728423 0.000000 0.685128 -0.685128 0.000000 -0.728423
         -0.330509 0.000000 -0.330509 0.000000 1.000000 0.000000 ffffffff 1.000000 0.000000 -0.804889 0.000000 0.593426 -0.593426 0.000000 -0.804889
         -0.440679 0.000000 -0.275424 0.000000 1.000000 0.000000 ffffffff 0.000000 0.000000 -0.632337 0.000000 0.774694 -0.774694 0.000000 -0.632337
         -0.826273 0.000000 -0.550849 0.000000 1.000000 0.000000 ffffffff 0.000000 1.000000 -0.618036 0.000000 0.786150 -0.786150 0.000000 -0.618036
         -0.716103 0.000000 -0.716103 0.000000 1.000000 0.000000 ffffffff 1.000000 1.000000 -0.656066 0.000000 0.754703 -0.754703 0.000000 -0.656066
         -0.550849 0.000000 -0.495764 0.000000 1.000000 0.000000 ffffffff 1.000000 0.000000 -0.661602 0.000000 0.749855 -0.749855 0.000000 -0.661602
         -0.661018 0.000000 -0.385594 0.000000 1.000000 0.000000 ffffffff 0.000000 0.000000 -0.697523 0.000000 0.716562 -0.716562 0.000000 -0.697523
         -0.936443 0.000000 -0.385594 0.000000 1.000000 0.000000 ffffffff 0.000000 1.000000 -0.669461 0.000000 0.742847 -0.742847 0.000000 -0.669461
         -0.826273 0.000000 -0.550849 0.000000 1.000000 0.000000 ffffffff 1.000000 1.000000 -0.618036 0.000000 0.786150 -0.786150 0.000000 -0.618036
         -0.661018 0.000000 -0.385594 0.000000 1.000000 0.000000 ffffffff 1.000000 0.000000 -0.697523 0.000000 0.716562 -0.716562 0.000000 -0.697523
         -0.771188 0.000000 -0.330509 0.000000 1.000000 0.000000 ffffffff 0.000000 0.000000 -0.666556 0.000000 0.745455 -0.745455 0.000000 -0.666556
         -0.661018 0.000000 -0.385594 0.000000 1.000000 0.000000 ffffffff 0.000000 1.000000 -0.697523 0.000000 0.716562 -0.716562 0.000000 -0.697523
         -0.550849 0.000000 -0.495764 0.000000 1.000000 0.000000 ffffffff 1.000000 1.000000 -0.661602 0.000000 0.749855 -0.749855 0.000000 -0.661602
         -0.440679 0.000000 -0.275424 0.000000 1.000000 0.000000 ffffffff 1.000000 0.000000 -0.632337 0.000000 0.774694 -0.774694 0.000000 -0.632337
         -0.550849 0.000000 -0.275424 0.000000 1.000000 0.000000 ffffffff 0.000000 0.000000 -0.641530 0.000000 0.767098 -0.767098 0.000000 -0.641530
         -0.771188 0.000000 -0.330509 0.000000 1.000000 0.000000 ffffffff 0.000000 1.000000 -0.666556 0.000000 0.745455 -0.745455 0.000000 -0.666556
         -0.661018 0.000000 -0.385594 0.000000 1.000000 0.000000 ffffffff 1.000000 1.000000 -0.697523 0.000000 0.716562 -0.716562 0.000000 -0.697523
         -0.550849 0.000000 -0.275424 0.000000 1.000000 0.000000 ffffffff 1.000000 0.000000 -0.641530 0.000000 0.767098 -0.767098 0.000000 -0.641530
         -0.605934 0.000000 -0.220339 0.000000 1.000000 0.000000 ffffffff 0.000000 0.000000 -0.686224 0.000000 0.727391 -0.727391 0.000000 -0.686224
         -0.936443 0.000000 -0.165255 0.000000 1.000000 0.000000 ffffffff 0.000000 1.000000 -0.697834 0.000000 0.716260 -0.716260 0.000000 -0.697834
         -0.936443 0.000000 -0.385594 0.000000 1.000000 0.000000 ffffffff 1.000000 1.000000 -0.669461 0.000000 0.742847 -0.742847 0.000000 -0.669461
         -0.771188 0.000000 -0.330509 0.000000 1.000000 0.000000 ffffffff 1.000000 0.000000 -0.666556 0.000000 0.745455 -0.745455 0.000000 -0.666556
         -0.826273 0.000000 -0.165255 0.000000 1.000000 0.000000 ffffffff 0.000000 0.000000 -0.630146 0.000000 0.776477 -0.776477 0.000000 -0.630146
         -0.991528 0.000000 0.000000 0.000000 1.000000 0.000000 ffffffff 0.000000 1.000000 -0.620843 0.000000 0.783935 -0.783935 0.000000 -0.620843
         -0.936443 0.000000 -0.165255 0.000000 1.000000 0.000000 ffffffff 1.000000 1.000000 -0.697834 0.000000 0.716260 -0.716260 0.000000 -0.697834
         -0.826273 0.000000 -0.165255 0.000000 1.000000 0.000000 ffffffff 1.000000 0.000000 -0.630146 0.000000 0.776477 -0.776477 0.000000 -0.630146
         -0.826273 0.000000 0.000000 0.000000 1.000000 0.000000 ffffffff 0.000000 0.000000 -0.620700 0.000000 0.784048 -0.784048 0.000000 -0.620700
         -0.826273 0.000000 -0.165255 0.000000 1.000000 0.000000 ffffffff 0.000000 1.000000 -0.630146 0.000000 0.776477 -0.776477 0.000000 -0.630146
         -0.771188 0.000000 -0.330509 0.000000 1.000000 0.000000 ffffffff 1.000000 1.000000 -0.666556 0.000000 0.745455 -0.745455 0.000000 -0.666556
         -0.605934 0.000000 -0.220339 0.000000 1.000000 0.000000 ffffffff 1.000000 0.000000 -0.686224 0.000000 0.727391 -0.727391 0.000000 -0.686224
         -0.661018 0.000000 -0.110170 0.000000 1.000000 0.000000 ffffffff 0.000000 0.000000 -0.678721 0.000000 0.734396 -0.734396 0.000000 -0.678721
         -0.826273 0.000000 0.000000 0.000000 1.000000 0.000000 ffffffff 0.000000 1.000000 -0.620700 0.000000 0.784048 -0.784048 0.000000 -0.620700
         -0.826273 0.000000 -0.165255 0.000000 1.000000 0.000000 ffffffff 1.000000 1.000000 -0.630146 0.000000 0.776477 -0.776477 0.000000 -0.630146
         -0.661018 0.000000 -0.110170 0.000000 1.000000 0.000000 ffffffff 1.000000 0.000000 -0.678721 0.000000 0.734396 -0.734396 0.000000 -0.678721
         -0.716103 0.000000 0.000000 0.000000 1.000000 0.000000 ffffffff 0.000000 0.000000 -0.593607 0.000000 0.804755 -0.804755 0.000000 -0.593607
         -0.936443 0.000000 0.165255 0.000000 1.000000 0.000000 ffffffff 0.000000 1.000000 -0.653222 0.000000 0.757167 -0.757167 0.000000 -0.653222
         -0.991528 0.000000 0.000000 0.000000 1.000000 0.000000 ffffffff 1.000000 1.000000 -0.620843 0.000000 0.783935 -0.783935 0.000000 -0.620843
         -0.826273 0.000000 0.000000 0.000000 1.000000 0.000000 ffffffff 1.000000 0.000000 -0.620700 0.000000 0.784048 -0.784048 0.000000 -0.620700
         -0.771188 0.000000 0.165255 0.000000 1.000000 0.000000 ffffffff 0.000000 0.000000 -0.644057 0.000000 0.764978 -0.764978 0.000000 -0.644057
         -0.936443 0.000000 0.385594 0.000000 1.000000 0.000000 ffffffff 0.000000 1.000000 -0.812314 0.000000 0.583220 -0.583220 0.000000 -0.812314
         -0.936443 0.000000 0.165255 0.000000 1.000000 0.000000 ffffffff 1.000000 1.000000 -0.653222 0.000000 0.757167 -0.757167 0.000000 -0.653222
         -0.771188 0.000000 0.165255 0.000000 1.000000 0.000000 ffffffff 1.000000 0.000000 -0.644057 0.000000 0.764978 -0.764978 0.000000 -0.644057
         -0.716103 0.000000 0.330509 0.000000 1.000000 0.000000 ffffffff 0.000000 0.000000 -0.670868 0.000000 0.741577 -0.741577 0.000000 -0.670868
         -0.771188 0.000000 0.165255 0.000000 1.000000 0.000000 ffffffff 0.000000 1.000000 -0.644057 0.000000 0.764978 -0.764978 0.000000 -0.644057
         -0.826273 0.000000 0.000000 0.000000 1.000000 0.000000 ffffffff 1.000000 1.000000 -0.620700 0.000000 0.784048 -0.784048 0.000000 -0.620700
         -0.716103 0.000000 0.000000 0.000000 1.000000 0.000000 ffffffff 1.000000 0.000000 -0.593607 0.000000 0.804755 -0.804755 0.000000 -0.593607
         -0.550849 0.000000 0.110170 0.000000 1.000000 0.000000 ffffffff 0.000000 0.000000 -0.613161 0.000000 0.789958 -0.789958 0.000000 -0.613161
         -0.716103 0.000000 0.330509 0.000000 1.000000 0.000000 ffffffff 0.000000 1.000000 -0.670868 0.000000 0.741577 -0.741577 0.000000 -0.670868
         -0.771188 0.000000 0.165255 0.000000 1.000000 0.000000 ffffffff 1.000000 1.000000 -0.644057 0.000000 0.764978 -0.764978 0.000000 -0.644057
         -0.550849 0.000000 0.110170 0.000000 1.000000 0.000000 ffffffff 1.000000 0.000000 -0.613161 0.000000 0.789958 -0.789958 0.000000 -0.613161
         -0.495764 0.000000 0.220339 0.000000 1.000000 0.000000 ffffffff 0.000000 0.000000 -0.689827 0.000000 0.723975 -0.723975 0.000000 -0.689827
         -0.826273 0.000000 0.550849 0.000000 1.000000 0.000000 ffffffff 0.000000 1.000000 -0.630052 0.000000 0.776553 -0.776553 0.000000 -0.630052
         -0.936443 0.000000 0.385594 0.000000 1.000000 0.000000 ffffffff 1.000000 1.000000 -0.812314 0.000000 0.583220 -0.583220 0.000000 -0.812314
         -0.716103 0.000000 0.330509 0.000000 1.000000 0.000000 ffffffff 1.000000 0.000000 -0.670868 0.000000 0.741577 -0.741577 0.000000 -0.670868
         -0.661018 0.000000 0.440679 0.000000 1.000000 0.000000 ffffffff 0.000000 0.000000 -0.678465 0.000000 0.734632 -0.734632 0.000000 -0.678465
         -0.716103 0.000000 0.716103 0.000000 1.000000 0.000000 ffffffff 0.000000 1.000000 -0.613962 0.000000 0.789335 -0.789335 0.000000 -0.613962
         -0.826273 0.000000 0.550849 0.000000 1.000000 0.000000 ffffffff 1.000000 1.000000 -0.630052 0.000000 0.776553 -0.776553 0.000000 -0.630052
         -0.661018 0.000000 0.440679 0.000000 1.000000 0.000000 ffffffff 1.000000 0.000000 -0.678465 0.000000 0.734632 -0.734632 0.000000 -0.678465
         -0.550849 0.000000 0.550849 0.000000 1.000000 0.000000 ffffffff 0.000000 0.000000 -0.682508 0.000000 0.730878 -0.730878 0.000000 -0.682508
         -0.661018 0.000000 0.440679 0.000000 1.000000 0.000000 ffffffff 0.000000 1.000000 -0.678465 0.000000 0.734632 -0.734632 0.000000 -0.678465
         -0.716103 0.000000 0.330509 0.000000 1.000000 0.000000 ffffffff 1.000000 1.000000 -0.670868 0.000000 0.741577 -0.741577 0.000000 -0.670868
         -0.495764 0.000000 0.220339 0.000000 1.000000 0.000000 ffffffff 1.000000 0.000000 -0.689827 0.000000 0.723975 -0.723975 0.000000 -0.689827
         -0.495764 0.000000 0.385594 0.000000 1.000000 0.000000 ffffffff 0.000000 0.000000 -0.763806 0.000000 0.645446 -0.645446 0.000000 -0.763806
         -0.550849 0.000000 0.550849 0.000000 1.000000 0.000000 ffffffff 0.000000 1.000000 -0.682508 0.000000 0.730878 -0.730878 0.000000 -0.682508
         -0.661018 0.000000 0.440679 0.000000 1.000000 0.000000 ffffffff 1.000000 1.000000 -0.678465 0.000000 0.734632 -0.734632 0.000000 -0.678465
         -0.495764 0.000000 0.385594 0.000000 1.000000 0.000000 ffffffff 1.000000 0.000000 -0.763806 0.000000 0.645446 -0.645446 0.000000 -0.763806
         -0.440679 0.000000 0.440679 0.000000 1.000000 0.000000 ffffffff 0.000000 0.000000 -0.770511 0.000000 0.637427 -0.637427 0.000000 -0.770511
         -0.550849 0.000000 0.826273 0.000000 1.000000 0.000000 ffffffff 0.000000 1.000000 -0.582870 0.000000 0.812565 -0.812565 0.000000 -0.582870
         -0.716103 0.000000 0.716103 0.000000 1.000000 0.000000 ffffffff 1.000000 1.000000 -0.613962 0.000000 0.789335 -0.789335 0.000000 -0.613962
         -0.550849 0.000000 0.550849 0.000000 1.000000 0.000000 ffffffff 1.000000 0.000000 -0.682508 0.000000 0.730878 -0.730878 0.000000 -0.682508
         -0.440679 0.000000 0.605934 0.000000 1.000000 0.000000 ffffffff 0.000000 0.000000 -0.683138 0.000000 0.730290 -0.730290 0.000000 -0.683138
         -0.385594 0.000000 0.936443 0.000000 1.000000 0.000000 ffffffff 0.000000 1.000000 -0.567326 0.000000 0.823493 -0.823493 0.000000 -0.567326
         -0.550849 0.000000 0.826273 0.000000 1.000000 0.000000 ffffffff 1.000000 1.000000 -0.582870 0.000000 0.812565 -0.812565 0.000000 -0.582870
         -0.440679 0.000000 0.605934 0.000000 1.000000 0.000000 ffffffff 1.000000 0.000000 -0.683138 0.000000 0.730290 -0.730290 0.000000 -0.683138
         -0.330509 0.000000 0.661018 0.000000 1.000000 0.000000 ffffffff 0.000000 0.000000 -0.678139 0.000000 0.734934 -0.734934 0.000000 -0.678139
         -0.440679 0.000000 0.605934 0.000000 1.000000 0.000000 ffffffff 0.000000 1.000000 -0.683138 0.000000 0.730290 -0.730290 0.000000 -0.683138
         -0.550849 0.000000 0.550849 0.000000 1.000000 0.000000 ffffffff 1.000000 1.000000 -0.682508 0.000000 0.730878 -0.730878 0.000000 -0.682508
         -0.440679 0.000000 0.440679 0.000000 1.000000 0.000000 ffffffff 1.000000 0.000000 -0.770511 0.000000 0.637427 -0.637427 0.000000 -0.770511
         -0.330509 0.000000 0.495764 0.000000 1.000000 0.000000 ffffffff 0.000000 0.000000 -0.787299 0.000000 0.616571 -0.616571 0.000000 -0.787299
         -0.330509 0.000000 0.661018 0.000000 1.000000 0.000000 ffffffff 0.000000 1.000000 -0.678139 0.000000 0.734934 -0.734934 0.000000 -0.678139
         -0.440679 0.000000 0.605934 0.000000 1.000000 0.000000 ffffffff 1.000000 1.000000 -0.683138 0.000000 0.730290 -0.730290 0.000000 -0.683138
         -0.330509 0.000000 0.495764 0.000000 1.000000 0.000000 ffffffff 1.000000 0.000000 -0.787299 0.000000 0.616571 -0.616571 0.000000 -0.787299
         -0.220339 0.000000 0.440679 0.000000 1.000000 0.000000 ffffffff 0.000000 0.000000 -0.707434 0.000000 0.706780 -0.706780 0.000000 -0.707434
         -0.165255 0.000000 0.936443 0.000000 1.000000 0.000000 ffffffff 0.000000 1.000000 -0.737921 0.000000 0.674887 -0.674887 0.000000 -0.737921
         -0.385594 0.000000 0.936443 0.000000 1.000000 0.000000 ffffffff 1.000000 1.000000 -0.567326 0.000000 0.823493 -0.823493 0.000000 -0.567326
         -0.330509 0.000000 0.661018 0.000000 1.000000 0.000000 ffffffff 1.000000 0.000000 -0.678139 0.000000 0.734934 -0.734934 0.000000 -0.678139
         -0.165255 0.000000 0.716103 0.000000 1.000000 0.000000 ffffffff 0.000000 0.000000 -0.723455 0.000000 0.690371 -0.690371 0.000000 -0.723455
         0.000000 0.000000 0.991528 0.000000 1.000000 0.000000 ffffffff 0.000000 1.000000 -0.534705 0.000000 0.845039 -0.845039 0.000000 -0.534705
         -0.165255 0.000000 0.936443 0.000000 1.000000 0.000000 ffffffff 1.000000 1.000000 -0.737921 0.000000 0.674887 -0.674887 0.000000 -0.737921
         -0.165255 0.000000 0.716103 0.000000 1.000000 0.000000 ffffffff 1.000000 0.000000 -0.723455 0.000000 0.690371 -0.690371 0.000000 -0.723455
         0.000000 0.000000 0.771188 0.000000 1.000000 0.000000 ffffffff 0.000000 0.000000 -0.712867 0.000000 0.701299 -0.701299 0.000000 -0.712867
         -0.165255 0.000000 0.716103 0.000000 1.000000 0.000000 ffffffff 0.000000 1.000000 -0.723455 0.000000 0.690371 -0.690371 0.000000 -0.723455
         -0.330509 0.000000 0.661018 0.000000 1.000000 0.000000 ffffffff 1.000000 1.000000 -0.678139 0.000000 0.734934 -0.734934 0.000000 -0.678139
         -0.220339 0.000000 0.440679 0.000000 1.000000 0.000000 ffffffff 1.000000 0.000000 -0.707434 0.000000 0.706780 -0.706780 0.000000 -0.707434
         -0.110170 0.000000 0.495764 0.000000 1.000000 0.000000 ffffffff 0.000000 0.000000 -0.668808 0.000000 0.743436 -0.743436 0.000000 -0.668808
         0.000000 0.000000 0.771188 0.000000 1.000000 0.000000 ffffffff 0.000000 1.000000 -0.712867 0.000000 0.701299 -0.701299 0.000000 -0.712867
         -0.165255 0.000000 0.716103 0.000000 1.000000 0.000000 ffffffff 1.000000 1.000000 -0.723455 0.000000 0.690371 -0.690371 0.000000 -0.723455
         -0.110170 0.000000 0.495764 0.000000 1.000000 0.000000 ffffffff 1.000000 0.000000 -0.668808 0.000000 0.743436 -0.743436 0.000000 -0.668808
         0.000000 0.000000 0.550849 0.000000 1.000000 0.000000 ffffffff 0.000000 0.000000 -0.626477 0.000000 0.779440 -0.779440 0.000000 -0.626477
         0.165255 0.000000 0.936443 0.000000 1.000000 0.000000 ffffffff 0.000000 1.000000 -0.602969 0.000000 0.797765 -0.797765 0.000000 -0.602969
         0.000000 0.000000 0.991528 0.000000 1.000000 0.000000 ffffffff 1.000000 1.000000 -0.534705 0.000000 0.845039 -0.845039 0.000000 -0.534705
         0.000000 0.000000 0.771188 0.000000 1.000000 0.000000 ffffffff 1.000000 0.000000 -0.712867 0.000000 0.701299 -0.701299 0.000000 -0.712867
         0.220339 0.000000 0.716103 0.000000 1.000000 0.000000 ffffffff 0.000000 0.000000 -0.714154 0.000000 0.699989 -0.699989 0.000000 -0.714154
         0.385594 0.000000 0.936443 0.000000 1.000000 0.000000 ffffffff 0.000000 1.000000 -0.727249 0.000000 0.686373 -0.686373 0.000000 -0.727249
         0.165255 0.000000 0.936443 0.000000 1.000000 0.000000 ffffffff 1.000000 1.000000 -0.602969 0.000000 0.797765 -0.797765 0.000000 -0.602969
         0.220339 0.000000 0.716103 0.000000 1.000000 0.000000 ffffffff 1.000000 0.000000 -0.714154 0.000000 0.699989 -0.699989 0.000000 -0.714154
         0.440679 0.000000 0.661018 0.000000 1.000000 0.000000 ffffffff 0.000000 0.000000 -0.654342 0.000000 0.756198 -0.756198 0.000000 -0.654343
         0.220339 0.000000 0.716103 0.000000 1.000000 0.000000 ffffffff 0.000000 1.000000 -0.714154 0.000000 0.699989 -0.699989 0.000000 -0.714154
         0.000000 0.000000 0.771188 0.000000 1.000000 0.000000 ffffffff 1.000000 1.000000 -0.712867 0.000000 0.701299 -0.701299 0.000000 -0.712867
         0.000000 0.000000 0.550849 0.000000 1.000000 0.000000 ffffffff 1.000000 0.000000 -0.626477 0.000000 0.779440 -0.779440 0.000000 -0.626477
         0.220339 0.000000 0.440679 0.000000 1.000000 0.000000 ffffffff 0.000000 0.000000 -0.647034 0.000000 0.762462 -0.762462 0.000000 -0.647034
         0.440679 0.000000 0.661018 0.000000 1.000000 0.000000 ffffffff 0.000000 1.000000 -0.654342 0.000000 0.756198 -0.756198 0.000000 -0.654343
         0.220339 0.000000 0.716103 0.000000 1.000000 0.000000 ffffffff 1.000000 1.000000 -0.714154 0.000000 0.699989 -0.699989 0.000000 -0.714154
         0.220339 0.000000 0.440679 0.000000 1.000000 0.000000 ffffffff 1.000000 0.000000 -0.647034 0.000000 0.762462 -0.762462 0.000000 -0.647034
         0.440679 0.000000 0.385594 0.000000 1.000000 0.000000 ffffffff 0.000000 0.000000 -0.683661 0.000000 0.729800 -0.729800 0.000000 -0.683661
         0.661018 0.000000 0.605934 0.000000 1.000000 0.000000 ffffffff 0.000000 1.000000 -0.698200 0.000000 0.715902 -0.715903 0.000000 -0.698200
         0.716103 0.000000 0.716103 0.000000 1.000000 0.000000 ffffffff 1.000000 1.000000 -0.670688 0.000000 0.741740 -0.741740 0.000000 -0.670688
         0.550849 0.000000 0.826273 0.000000 1.000000 0.000000 ffffffff 1.000000 0.000000 -0.760171 0.000000 0.649723 -0.649723 0.000000 -0.760171
         0.550849 0.000000 0.605934 0.000000 1.000000 0.000000 ffffffff 0.000000 0.000000 -0.654618 0.000000 0.755960 -0.755960 0.000000 -0.654618
         0.605934 0.000000 0.495764 0.000000 1.000000 0.000000 ffffffff 0.000000 1.000000 -0.702569 0.000000 0.711616 -0.711616 0.000000 -0.702569
         0.661018 0.000000 0.605934 0.000000 1.000000 0.000000 ffffffff 1.000000 1.000000 -0.698200 0.000000 0.715902 -0.715903 0.000000 -0.698200
         0.550849 0.000000 0.605934 0.000000 1.000000 0.000000 ffffffff 1.000000 0.000000 -0.654618 0.000000 0.755960 -0.755960 0.000000 -0.654618
         0.550849 0.000000 0.440679 0.000000 1.000000 0.000000 ffffffff 0.000000 0.000000 -0.662396 0.000000 0.749154 -0.749154 0.000000 -0.662396
         0.550849 0.000000 0.605934 0.000000 1.000000 0.000000 ffffffff 0.000000 1.000000 -0.654618 0.000000 0.755960 -0.755960 0.000000 -0.654618
         0.550849 0.000000 0.826273 0.000000 1.000000 0.000000 ffffffff 1.000000 1.000000 -0.760171 0.000000 0.649723 -0.649723 0.000000 -0.760171
